EIGHT: (9, 2) (8, 2) (7, 2) (6, 2) (5, 2) 
EIGHTEEN: (20, 25) (20, 26) (20, 27) (20, 28) (20, 29) (20, 30) (20, 31) (20, 32) 
SIX: (7, 41) (8, 42) (9, 43) 
ONE: (33, 32) (32, 31) (31, 30) 
FOUR: (16, 31) (17, 31) (18, 31) (19, 31) 
THIRTEEN: (1, 28) (1, 27) (1, 26) (1, 25) (1, 24) (1, 23) (1, 22) (1, 21) 
SIXTEEN: (40, 30) (40, 31) (40, 32) (40, 33) (40, 34) (40, 35) (40, 36) 
TWO: (41, 28) (42, 29) (43, 30) 
SEVENTEEN: (36, 28) (37, 28) (38, 28) (39, 28) (40, 28) (41, 28) (42, 28) (43, 28) (44, 28) 
ELEVEN: (24, 12) (24, 13) (24, 14) (24, 15) (24, 16) (24, 17) 
TWENTY: (13, 30) (13, 31) (13, 32) (13, 33) (13, 34) (13, 35) 
FIVE: (34, 19) (34, 20) (34, 21) (34, 22) 
FOURTEEN: (4, 8) (5, 8) (6, 8) (7, 8) (8, 8) (9, 8) (10, 8) (11, 8) 
NINE: (36, 5) (35, 4) (34, 3) (33, 2) 
TWELVE: (26, 43) (26, 42) (26, 41) (26, 40) (26, 39) (26, 38) 
FIFTEEN: (37, 40) (36, 39) (35, 38) (34, 37) (33, 36) (32, 35) (31, 34) 
NINETEEN: (29, 24) (30, 25) (31, 26) (32, 27) (33, 28) (34, 29) (35, 30) (36, 31) 
TEN: (33, 28) (32, 27) (31, 26) 
THREE: (22, 15) (21, 15) (20, 15) (19, 15) (18, 15) 
SEVEN: (33, 19) (33, 20) (33, 21) (33, 22) (33, 23) 
